0,449
0,448
0,462
0,471
0,543
136,5
166,35
80,1
80,3
82,6
82,1
82,3
81,4
81,1
81,3
0,273
0,270
101,3
0,466
14,4
0,472
3,2
3,1
3,3
10,220
10,78
10,4
10,274
10,180
10,150
10,136
10,1
10,30
10,2
10,3
11,14
11,13
11,4
11,19
11,16
11,5
11,1
11,27
11,2
11,3
9,7
9,6
9,1
9,4
9,2
9,3
8,12
8,4
8,6
8,16
8,9
8,17
8,1
8,11
8,2
8,3
12,2
12,1
12,3
20,2
20,1
20,3
165,5
165,4
165,3
165,2
165,1
165,0
164,10
164,9
164,8
164,7
164,6
19,2
19,1
19,3
164,5
164,4
164,3
164,2
164,1
164,0
163,4
163,3
163,2
163,1
163,0
162,9
162,8
162,7
162,6
162,5
162,4
162,3
162,2
162,1
162,0
159,4
159,3
159,2
159,1
159,0
158,3
158,2
158,1
158,0
156,3
156,2
156,1
156,0
144,8
144,7
144,6
144,5
144,4
144,3
144,2
144,1
144,0
139,4
139,3
139,2
139,1
18,1
18,3
139,0
138,3
138,2
138,1
138,0
136,4
136,3
